#usda 1.0
(
    endTimeCode = 200
    startTimeCode = 1
)

def SkelRoot "skelroot"
{
    def "mesh" (
        prepend apiSchemas = ["SkelBindingAPI"]
        references = @./torus-8x8.usd@
    )
    {
        int[] faceVertexIndices = [0, 1, 2, 3, 4, 5, 6, 7, 8, 9, 10, 11, 12, 13, 14, 15, 16, 17, 18, 19, 20, 21, 22, 23, 24, 25, 26, 27, 28, 29, 30, 31, 32, 33, 34, 35, 36, 37, 38, 39, 40, 41, 42, 43, 44, 45, 46, 47, 48, 49, 50, 51, 52, 53, 54, 55, 56, 57, 58, 59, 60, 61, 62, 63, 64, 65, 66, 67, 68, 69, 70, 71, 72, 73, 74, 75, 76, 77, 78, 79, 80, 81, 82, 83, 84, 85, 86, 87, 88, 89, 90, 91, 92, 93, 94, 95, 96, 97, 98, 99, 100, 101, 102, 103, 104, 105, 106, 107, 108, 109, 110, 111, 112, 113, 114, 115, 116, 117, 118, 119, 120, 121, 122, 123, 124, 125, 126, 127, 128, 129, 130, 131, 132, 133, 134, 135, 136, 137, 138, 139, 140, 141, 142, 143, 144, 145, 146, 147, 148, 149, 150, 151, 152, 153, 154, 155, 156, 157, 158, 159, 160, 161, 162, 163, 164, 165, 166, 167, 168, 169, 170, 171, 172, 173, 174, 175, 176, 177, 178, 179, 180, 181, 182, 183, 184, 185, 186, 187, 188, 189, 190, 191, 192, 193, 194, 195, 196, 197, 198, 199, 200, 201, 202, 203, 204, 205, 206, 207, 208, 209, 210, 211, 212, 213, 214, 215, 216, 217, 218, 219, 220, 221, 222, 223, 224, 225, 226, 227, 228, 229, 230, 231, 232, 233, 234, 235, 236, 237, 238, 239, 240, 241, 242, 243, 244, 245, 246, 247, 248, 249, 250, 251, 252, 253, 254, 255]
        point3f[] points = [(0, 0, -0.49999994), (0.35355335, 0, -0.35355335), (0.4571067, 0.35355338, -0.4571067), (0, 0.35355338, -0.6464465), (-0.35355335, 0, -0.35355335), (0, 0, -0.49999994), (0, 0.35355338, -0.6464465), (-0.4571067, 0.35355338, -0.4571067), (-0.49999994, 0, 0), (-0.35355335, 0, -0.35355335), (-0.4571067, 0.35355338, -0.4571067), (-0.6464465, 0.35355338, 0), (-0.35355335, 0, 0.35355335), (-0.49999994, 0, 0), (-0.6464465, 0.35355338, 0), (-0.4571067, 0.35355338, 0.4571067), (0, 0, 0.49999997), (-0.35355335, 0, 0.35355335), (-0.4571067, 0.35355338, 0.4571067), (0, 0.35355338, 0.6464465), (0.35355338, 0, 0.35355338), (0, 0, 0.49999997), (0, 0.35355338, 0.6464465), (0.45710677, 0.35355338, 0.45710677), (0.5, 0, 0), (0.35355338, 0, 0.35355338), (0.45710677, 0.35355338, 0.45710677), (0.6464466, 0.35355338, 0), (0.35355335, 0, -0.35355335), (0.5, 0, 0), (0.6464466, 0.35355338, 0), (0.4571067, 0.35355338, -0.4571067), (0, 0.35355338, -0.6464465), (0.4571067, 0.35355338, -0.4571067), (0.7071067, 0.49999997, -0.7071067), (0, 0.49999997, -0.9999999), (-0.4571067, 0.35355338, -0.4571067), (0, 0.35355338, -0.6464465), (0, 0.49999997, -0.9999999), (-0.7071067, 0.49999997, -0.7071067), (-0.6464465, 0.35355338, 0), (-0.4571067, 0.35355338, -0.4571067), (-0.7071067, 0.49999997, -0.7071067), (-0.9999999, 0.49999997, 0), (-0.4571067, 0.35355338, 0.4571067), (-0.6464465, 0.35355338, 0), (-0.9999999, 0.49999997, 0), (-0.7071067, 0.49999997, 0.7071067), (0, 0.35355338, 0.6464465), (-0.4571067, 0.35355338, 0.4571067), (-0.7071067, 0.49999997, 0.7071067), (0, 0.49999997, 0.99999994), (0.45710677, 0.35355338, 0.45710677), (0, 0.35355338, 0.6464465), (0, 0.49999997, 0.99999994), (0.70710677, 0.49999997, 0.70710677), (0.6464466, 0.35355338, 0), (0.45710677, 0.35355338, 0.45710677), (0.70710677, 0.49999997, 0.70710677), (1, 0.49999997, 0), (0.4571067, 0.35355338, -0.4571067), (0.6464466, 0.35355338, 0), (1, 0.49999997, 0), (0.7071067, 0.49999997, -0.7071067), (0, 0.49999997, -0.9999999), (0.7071067, 0.49999997, -0.7071067), (0.9571066, 0.35355335, -0.9571066), (0, 0.35355335, -1.3535532), (-0.7071067, 0.49999997, -0.7071067), (0, 0.49999997, -0.9999999), (0, 0.35355335, -1.3535532), (-0.9571066, 0.35355335, -0.9571066), (-0.9999999, 0.49999997, 0), (-0.7071067, 0.49999997, -0.7071067), (-0.9571066, 0.35355335, -0.9571066), (-1.3535532, 0.35355335, 0), (-0.7071067, 0.49999997, 0.7071067), (-0.9999999, 0.49999997, 0), (-1.3535532, 0.35355335, 0), (-0.9571066, 0.35355335, 0.9571066), (0, 0.49999997, 0.99999994), (-0.7071067, 0.49999997, 0.7071067), (-0.9571066, 0.35355335, 0.9571066), (0, 0.35355335, 1.3535532), (0.70710677, 0.49999997, 0.70710677), (0, 0.49999997, 0.99999994), (0, 0.35355335, 1.3535532), (0.9571067, 0.35355335, 0.9571067), (1, 0.49999997, 0), (0.70710677, 0.49999997, 0.70710677), (0.9571067, 0.35355335, 0.9571067), (1.3535533, 0.35355335, 0), (0.7071067, 0.49999997, -0.7071067), (1, 0.49999997, 0), (1.3535533, 0.35355335, 0), (0.9571066, 0.35355335, -0.9571066), (0, 0.35355335, -1.3535532), (0.9571066, 0.35355335, -0.9571066), (1.0606601, 0, -1.0606601), (0, 0, -1.4999998), (-0.9571066, 0.35355335, -0.9571066), (0, 0.35355335, -1.3535532), (0, 0, -1.4999998), (-1.0606601, 0, -1.0606601), (-1.3535532, 0.35355335, 0), (-0.9571066, 0.35355335, -0.9571066), (-1.0606601, 0, -1.0606601), (-1.4999998, 0, 0), (-0.9571066, 0.35355335, 0.9571066), (-1.3535532, 0.35355335, 0), (-1.4999998, 0, 0), (-1.0606601, 0, 1.0606601), (0, 0.35355335, 1.3535532), (-0.9571066, 0.35355335, 0.9571066), (-1.0606601, 0, 1.0606601), (0, 0, 1.4999999), (0.9571067, 0.35355335, 0.9571067), (0, 0.35355335, 1.3535532), (0, 0, 1.4999999), (1.0606601, 0, 1.0606601), (1.3535533, 0.35355335, 0), (0.9571067, 0.35355335, 0.9571067), (1.0606601, 0, 1.0606601), (1.5, 0, 0), (0.9571066, 0.35355335, -0.9571066), (1.3535533, 0.35355335, 0), (1.5, 0, 0), (1.0606601, 0, -1.0606601), (0, 0, -1.4999998), (1.0606601, 0, -1.0606601), (0.9571066, -0.35355335, -0.9571066), (0, -0.35355335, -1.3535532), (-1.0606601, 0, -1.0606601), (0, 0, -1.4999998), (0, -0.35355335, -1.3535532), (-0.9571066, -0.35355335, -0.9571066), (-1.4999998, 0, 0), (-1.0606601, 0, -1.0606601), (-0.9571066, -0.35355335, -0.9571066), (-1.3535532, -0.35355335, 0), (-1.0606601, 0, 1.0606601), (-1.4999998, 0, 0), (-1.3535532, -0.35355335, 0), (-0.9571066, -0.35355335, 0.9571066), (0, 0, 1.4999999), (-1.0606601, 0, 1.0606601), (-0.9571066, -0.35355335, 0.9571066), (0, -0.35355335, 1.3535532), (1.0606601, 0, 1.0606601), (0, 0, 1.4999999), (0, -0.35355335, 1.3535532), (0.9571067, -0.35355335, 0.9571067), (1.5, 0, 0), (1.0606601, 0, 1.0606601), (0.9571067, -0.35355335, 0.9571067), (1.3535533, -0.35355335, 0), (1.0606601, 0, -1.0606601), (1.5, 0, 0), (1.3535533, -0.35355335, 0), (0.9571066, -0.35355335, -0.9571066), (0, -0.35355335, -1.3535532), (0.9571066, -0.35355335, -0.9571066), (0.7071067, -0.49999994, -0.7071067), (0, -0.49999994, -0.9999999), (-0.9571066, -0.35355335, -0.9571066), (0, -0.35355335, -1.3535532), (0, -0.49999994, -0.9999999), (-0.7071067, -0.49999994, -0.7071067), (-1.3535532, -0.35355335, 0), (-0.9571066, -0.35355335, -0.9571066), (-0.7071067, -0.49999994, -0.7071067), (-0.9999999, -0.49999994, 0), (-0.9571066, -0.35355335, 0.9571066), (-1.3535532, -0.35355335, 0), (-0.9999999, -0.49999994, 0), (-0.7071067, -0.49999994, 0.7071067), (0, -0.35355335, 1.3535532), (-0.9571066, -0.35355335, 0.9571066), (-0.7071067, -0.49999994, 0.7071067), (0, -0.49999994, 0.99999994), (0.9571067, -0.35355335, 0.9571067), (0, -0.35355335, 1.3535532), (0, -0.49999994, 0.99999994), (0.70710677, -0.49999994, 0.70710677), (1.3535533, -0.35355335, 0), (0.9571067, -0.35355335, 0.9571067), (0.70710677, -0.49999994, 0.70710677), (1, -0.49999994, 0), (0.9571066, -0.35355335, -0.9571066), (1.3535533, -0.35355335, 0), (1, -0.49999994, 0), (0.7071067, -0.49999994, -0.7071067), (0, -0.49999994, -0.9999999), (0.7071067, -0.49999994, -0.7071067), (0.45710677, -0.35355335, -0.45710677), (0, -0.35355335, -0.6464466), (-0.7071067, -0.49999994, -0.7071067), (0, -0.49999994, -0.9999999), (0, -0.35355335, -0.6464466), (-0.45710677, -0.35355335, -0.45710677), (-0.9999999, -0.49999994, 0), (-0.7071067, -0.49999994, -0.7071067), (-0.45710677, -0.35355335, -0.45710677), (-0.6464466, -0.35355335, 0), (-0.7071067, -0.49999994, 0.7071067), (-0.9999999, -0.49999994, 0), (-0.6464466, -0.35355335, 0), (-0.45710677, -0.35355335, 0.45710677), (0, -0.49999994, 0.99999994), (-0.7071067, -0.49999994, 0.7071067), (-0.45710677, -0.35355335, 0.45710677), (0, -0.35355335, 0.6464466), (0.70710677, -0.49999994, 0.70710677), (0, -0.49999994, 0.99999994), (0, -0.35355335, 0.6464466), (0.4571068, -0.35355335, 0.4571068), (1, -0.49999994, 0), (0.70710677, -0.49999994, 0.70710677), (0.4571068, -0.35355335, 0.4571068), (0.64644665, -0.35355335, 0), (0.7071067, -0.49999994, -0.7071067), (1, -0.49999994, 0), (0.64644665, -0.35355335, 0), (0.45710677, -0.35355335, -0.45710677), (0, -0.35355335, -0.6464466), (0.45710677, -0.35355335, -0.45710677), (0.35355335, 0, -0.35355335), (0, 0, -0.49999994), (-0.45710677, -0.35355335, -0.45710677), (0, -0.35355335, -0.6464466), (0, 0, -0.49999994), (-0.35355335, 0, -0.35355335), (-0.6464466, -0.35355335, 0), (-0.45710677, -0.35355335, -0.45710677), (-0.35355335, 0, -0.35355335), (-0.49999994, 0, 0), (-0.45710677, -0.35355335, 0.45710677), (-0.6464466, -0.35355335, 0), (-0.49999994, 0, 0), (-0.35355335, 0, 0.35355335), (0, -0.35355335, 0.6464466), (-0.45710677, -0.35355335, 0.45710677), (-0.35355335, 0, 0.35355335), (0, 0, 0.49999997), (0.4571068, -0.35355335, 0.4571068), (0, -0.35355335, 0.6464466), (0, 0, 0.49999997), (0.35355338, 0, 0.35355338), (0.64644665, -0.35355335, 0), (0.4571068, -0.35355335, 0.4571068), (0.35355338, 0, 0.35355338), (0.5, 0, 0), (0.45710677, -0.35355335, -0.45710677), (0.64644665, -0.35355335, 0), (0.5, 0, 0), (0.35355335, 0, -0.35355335)]
        int[] primvars:skel:jointIndices = [0, 0, 0, 0, 1, 1, 1, 1, 2, 2, 2, 2, 3, 3, 3, 3, 4, 4, 4, 4, 5, 5, 5, 5, 6, 6, 6, 6, 7, 7, 7, 7, 8, 8, 8, 8, 9, 9, 9, 9, 10, 10, 10, 10, 11, 11, 11, 11, 12, 12, 12, 12, 13, 13, 13, 13, 14, 14, 14, 14, 15, 15, 15, 15, 16, 16, 16, 16, 17, 17, 17, 17, 18, 18, 18, 18, 19, 19, 19, 19, 20, 20, 20, 20, 21, 21, 21, 21, 22, 22, 22, 22, 23, 23, 23, 23, 24, 24, 24, 24, 25, 25, 25, 25, 26, 26, 26, 26, 27, 27, 27, 27, 28, 28, 28, 28, 29, 29, 29, 29, 30, 30, 30, 30, 31, 31, 31, 31, 32, 32, 32, 32, 33, 33, 33, 33, 34, 34, 34, 34, 35, 35, 35, 35, 36, 36, 36, 36, 37, 37, 37, 37, 38, 38, 38, 38, 39, 39, 39, 39, 40, 40, 40, 40, 41, 41, 41, 41, 42, 42, 42, 42, 43, 43, 43, 43, 44, 44, 44, 44, 45, 45, 45, 45, 46, 46, 46, 46, 47, 47, 47, 47, 48, 48, 48, 48, 49, 49, 49, 49, 50, 50, 50, 50, 51, 51, 51, 51, 52, 52, 52, 52, 53, 53, 53, 53, 54, 54, 54, 54, 55, 55, 55, 55, 56, 56, 56, 56, 57, 57, 57, 57, 58, 58, 58, 58, 59, 59, 59, 59, 60, 60, 60, 60, 61, 61, 61, 61, 62, 62, 62, 62, 63, 63, 63, 63] (
            elementSize = 1
            interpolation = "vertex"
        )
        float[] primvars:skel:jointWeights = [1, 1, 1, 1, 1, 1, 1, 1, 1, 1, 1, 1, 1, 1, 1, 1, 1, 1, 1, 1, 1, 1, 1, 1, 1, 1, 1, 1, 1, 1, 1, 1, 1, 1, 1, 1, 1, 1, 1, 1, 1, 1, 1, 1, 1, 1, 1, 1, 1, 1, 1, 1, 1, 1, 1, 1, 1, 1, 1, 1, 1, 1, 1, 1, 1, 1, 1, 1, 1, 1, 1, 1, 1, 1, 1, 1, 1, 1, 1, 1, 1, 1, 1, 1, 1, 1, 1, 1, 1, 1, 1, 1, 1, 1, 1, 1, 1, 1, 1, 1, 1, 1, 1, 1, 1, 1, 1, 1, 1, 1, 1, 1, 1, 1, 1, 1, 1, 1, 1, 1, 1, 1, 1, 1, 1, 1, 1, 1, 1, 1, 1, 1, 1, 1, 1, 1, 1, 1, 1, 1, 1, 1, 1, 1, 1, 1, 1, 1, 1, 1, 1, 1, 1, 1, 1, 1, 1, 1, 1, 1, 1, 1, 1, 1, 1, 1, 1, 1, 1, 1, 1, 1, 1, 1, 1, 1, 1, 1, 1, 1, 1, 1, 1, 1, 1, 1, 1, 1, 1, 1, 1, 1, 1, 1, 1, 1, 1, 1, 1, 1, 1, 1, 1, 1, 1, 1, 1, 1, 1, 1, 1, 1, 1, 1, 1, 1, 1, 1, 1, 1, 1, 1, 1, 1, 1, 1, 1, 1, 1, 1, 1, 1, 1, 1, 1, 1, 1, 1, 1, 1, 1, 1, 1, 1, 1, 1, 1, 1, 1, 1, 1, 1, 1, 1, 1, 1] (
            elementSize = 1
            interpolation = "vertex"
        )
        uniform token[] skel:joints = ["root/jnt0", "root/jnt0/jnt8/jnt16/jnt24/jnt32/jnt40/jnt48/jnt56/jnt57/jnt1", "root/jnt0/jnt8/jnt16/jnt24/jnt32/jnt40/jnt48/jnt56/jnt57/jnt1/jnt9/jnt17/jnt25/jnt33/jnt41/jnt49/jnt50/jnt58/jnt2", "root/jnt0/jnt8/jnt16/jnt24/jnt32/jnt40/jnt48/jnt56/jnt57/jnt1/jnt9/jnt17/jnt25/jnt33/jnt41/jnt49/jnt50/jnt58/jnt2/jnt10/jnt18/jnt26/jnt34/jnt42/jnt43/jnt51/jnt59/jnt3", "root/jnt0/jnt8/jnt16/jnt24/jnt32/jnt40/jnt48/jnt56/jnt57/jnt1/jnt9/jnt17/jnt25/jnt33/jnt41/jnt49/jnt50/jnt58/jnt2/jnt10/jnt18/jnt26/jnt34/jnt42/jnt43/jnt51/jnt59/jnt3/jnt11/jnt19/jnt27/jnt35/jnt36/jnt44/jnt52/jnt60/jnt4", "root/jnt0/jnt8/jnt16/jnt24/jnt32/jnt40/jnt48/jnt56/jnt57/jnt1/jnt9/jnt17/jnt25/jnt33/jnt41/jnt49/jnt50/jnt58/jnt2/jnt10/jnt18/jnt26/jnt34/jnt42/jnt43/jnt51/jnt59/jnt3/jnt11/jnt19/jnt27/jnt35/jnt36/jnt44/jnt52/jnt60/jnt4/jnt12/jnt20/jnt28/jnt29/jnt37/jnt45/jnt53/jnt61/jnt5", "root/jnt0/jnt8/jnt16/jnt24/jnt32/jnt40/jnt48/jnt56/jnt57/jnt1/jnt9/jnt17/jnt25/jnt33/jnt41/jnt49/jnt50/jnt58/jnt2/jnt10/jnt18/jnt26/jnt34/jnt42/jnt43/jnt51/jnt59/jnt3/jnt11/jnt19/jnt27/jnt35/jnt36/jnt44/jnt52/jnt60/jnt4/jnt12/jnt20/jnt28/jnt29/jnt37/jnt45/jnt53/jnt61/jnt5/jnt13/jnt21/jnt22/jnt30/jnt38/jnt46/jnt54/jnt62/jnt6", "root/jnt0/jnt8/jnt16/jnt24/jnt32/jnt40/jnt48/jnt56/jnt57/jnt1/jnt9/jnt17/jnt25/jnt33/jnt41/jnt49/jnt50/jnt58/jnt2/jnt10/jnt18/jnt26/jnt34/jnt42/jnt43/jnt51/jnt59/jnt3/jnt11/jnt19/jnt27/jnt35/jnt36/jnt44/jnt52/jnt60/jnt4/jnt12/jnt20/jnt28/jnt29/jnt37/jnt45/jnt53/jnt61/jnt5/jnt13/jnt21/jnt22/jnt30/jnt38/jnt46/jnt54/jnt62/jnt6/jnt14/jnt15/jnt23/jnt31/jnt39/jnt47/jnt55/jnt63/jnt7", "root/jnt0/jnt8", "root/jnt0/jnt8/jnt16/jnt24/jnt32/jnt40/jnt48/jnt56/jnt57/jnt1/jnt9", "root/jnt0/jnt8/jnt16/jnt24/jnt32/jnt40/jnt48/jnt56/jnt57/jnt1/jnt9/jnt17/jnt25/jnt33/jnt41/jnt49/jnt50/jnt58/jnt2/jnt10", "root/jnt0/jnt8/jnt16/jnt24/jnt32/jnt40/jnt48/jnt56/jnt57/jnt1/jnt9/jnt17/jnt25/jnt33/jnt41/jnt49/jnt50/jnt58/jnt2/jnt10/jnt18/jnt26/jnt34/jnt42/jnt43/jnt51/jnt59/jnt3/jnt11", "root/jnt0/jnt8/jnt16/jnt24/jnt32/jnt40/jnt48/jnt56/jnt57/jnt1/jnt9/jnt17/jnt25/jnt33/jnt41/jnt49/jnt50/jnt58/jnt2/jnt10/jnt18/jnt26/jnt34/jnt42/jnt43/jnt51/jnt59/jnt3/jnt11/jnt19/jnt27/jnt35/jnt36/jnt44/jnt52/jnt60/jnt4/jnt12", "root/jnt0/jnt8/jnt16/jnt24/jnt32/jnt40/jnt48/jnt56/jnt57/jnt1/jnt9/jnt17/jnt25/jnt33/jnt41/jnt49/jnt50/jnt58/jnt2/jnt10/jnt18/jnt26/jnt34/jnt42/jnt43/jnt51/jnt59/jnt3/jnt11/jnt19/jnt27/jnt35/jnt36/jnt44/jnt52/jnt60/jnt4/jnt12/jnt20/jnt28/jnt29/jnt37/jnt45/jnt53/jnt61/jnt5/jnt13", "root/jnt0/jnt8/jnt16/jnt24/jnt32/jnt40/jnt48/jnt56/jnt57/jnt1/jnt9/jnt17/jnt25/jnt33/jnt41/jnt49/jnt50/jnt58/jnt2/jnt10/jnt18/jnt26/jnt34/jnt42/jnt43/jnt51/jnt59/jnt3/jnt11/jnt19/jnt27/jnt35/jnt36/jnt44/jnt52/jnt60/jnt4/jnt12/jnt20/jnt28/jnt29/jnt37/jnt45/jnt53/jnt61/jnt5/jnt13/jnt21/jnt22/jnt30/jnt38/jnt46/jnt54/jnt62/jnt6/jnt14", "root/jnt0/jnt8/jnt16/jnt24/jnt32/jnt40/jnt48/jnt56/jnt57/jnt1/jnt9/jnt17/jnt25/jnt33/jnt41/jnt49/jnt50/jnt58/jnt2/jnt10/jnt18/jnt26/jnt34/jnt42/jnt43/jnt51/jnt59/jnt3/jnt11/jnt19/jnt27/jnt35/jnt36/jnt44/jnt52/jnt60/jnt4/jnt12/jnt20/jnt28/jnt29/jnt37/jnt45/jnt53/jnt61/jnt5/jnt13/jnt21/jnt22/jnt30/jnt38/jnt46/jnt54/jnt62/jnt6/jnt14/jnt15", "root/jnt0/jnt8/jnt16", "root/jnt0/jnt8/jnt16/jnt24/jnt32/jnt40/jnt48/jnt56/jnt57/jnt1/jnt9/jnt17", "root/jnt0/jnt8/jnt16/jnt24/jnt32/jnt40/jnt48/jnt56/jnt57/jnt1/jnt9/jnt17/jnt25/jnt33/jnt41/jnt49/jnt50/jnt58/jnt2/jnt10/jnt18", "root/jnt0/jnt8/jnt16/jnt24/jnt32/jnt40/jnt48/jnt56/jnt57/jnt1/jnt9/jnt17/jnt25/jnt33/jnt41/jnt49/jnt50/jnt58/jnt2/jnt10/jnt18/jnt26/jnt34/jnt42/jnt43/jnt51/jnt59/jnt3/jnt11/jnt19", "root/jnt0/jnt8/jnt16/jnt24/jnt32/jnt40/jnt48/jnt56/jnt57/jnt1/jnt9/jnt17/jnt25/jnt33/jnt41/jnt49/jnt50/jnt58/jnt2/jnt10/jnt18/jnt26/jnt34/jnt42/jnt43/jnt51/jnt59/jnt3/jnt11/jnt19/jnt27/jnt35/jnt36/jnt44/jnt52/jnt60/jnt4/jnt12/jnt20", "root/jnt0/jnt8/jnt16/jnt24/jnt32/jnt40/jnt48/jnt56/jnt57/jnt1/jnt9/jnt17/jnt25/jnt33/jnt41/jnt49/jnt50/jnt58/jnt2/jnt10/jnt18/jnt26/jnt34/jnt42/jnt43/jnt51/jnt59/jnt3/jnt11/jnt19/jnt27/jnt35/jnt36/jnt44/jnt52/jnt60/jnt4/jnt12/jnt20/jnt28/jnt29/jnt37/jnt45/jnt53/jnt61/jnt5/jnt13/jnt21", "root/jnt0/jnt8/jnt16/jnt24/jnt32/jnt40/jnt48/jnt56/jnt57/jnt1/jnt9/jnt17/jnt25/jnt33/jnt41/jnt49/jnt50/jnt58/jnt2/jnt10/jnt18/jnt26/jnt34/jnt42/jnt43/jnt51/jnt59/jnt3/jnt11/jnt19/jnt27/jnt35/jnt36/jnt44/jnt52/jnt60/jnt4/jnt12/jnt20/jnt28/jnt29/jnt37/jnt45/jnt53/jnt61/jnt5/jnt13/jnt21/jnt22", "root/jnt0/jnt8/jnt16/jnt24/jnt32/jnt40/jnt48/jnt56/jnt57/jnt1/jnt9/jnt17/jnt25/jnt33/jnt41/jnt49/jnt50/jnt58/jnt2/jnt10/jnt18/jnt26/jnt34/jnt42/jnt43/jnt51/jnt59/jnt3/jnt11/jnt19/jnt27/jnt35/jnt36/jnt44/jnt52/jnt60/jnt4/jnt12/jnt20/jnt28/jnt29/jnt37/jnt45/jnt53/jnt61/jnt5/jnt13/jnt21/jnt22/jnt30/jnt38/jnt46/jnt54/jnt62/jnt6/jnt14/jnt15/jnt23", "root/jnt0/jnt8/jnt16/jnt24", "root/jnt0/jnt8/jnt16/jnt24/jnt32/jnt40/jnt48/jnt56/jnt57/jnt1/jnt9/jnt17/jnt25", "root/jnt0/jnt8/jnt16/jnt24/jnt32/jnt40/jnt48/jnt56/jnt57/jnt1/jnt9/jnt17/jnt25/jnt33/jnt41/jnt49/jnt50/jnt58/jnt2/jnt10/jnt18/jnt26", "root/jnt0/jnt8/jnt16/jnt24/jnt32/jnt40/jnt48/jnt56/jnt57/jnt1/jnt9/jnt17/jnt25/jnt33/jnt41/jnt49/jnt50/jnt58/jnt2/jnt10/jnt18/jnt26/jnt34/jnt42/jnt43/jnt51/jnt59/jnt3/jnt11/jnt19/jnt27", "root/jnt0/jnt8/jnt16/jnt24/jnt32/jnt40/jnt48/jnt56/jnt57/jnt1/jnt9/jnt17/jnt25/jnt33/jnt41/jnt49/jnt50/jnt58/jnt2/jnt10/jnt18/jnt26/jnt34/jnt42/jnt43/jnt51/jnt59/jnt3/jnt11/jnt19/jnt27/jnt35/jnt36/jnt44/jnt52/jnt60/jnt4/jnt12/jnt20/jnt28", "root/jnt0/jnt8/jnt16/jnt24/jnt32/jnt40/jnt48/jnt56/jnt57/jnt1/jnt9/jnt17/jnt25/jnt33/jnt41/jnt49/jnt50/jnt58/jnt2/jnt10/jnt18/jnt26/jnt34/jnt42/jnt43/jnt51/jnt59/jnt3/jnt11/jnt19/jnt27/jnt35/jnt36/jnt44/jnt52/jnt60/jnt4/jnt12/jnt20/jnt28/jnt29", "root/jnt0/jnt8/jnt16/jnt24/jnt32/jnt40/jnt48/jnt56/jnt57/jnt1/jnt9/jnt17/jnt25/jnt33/jnt41/jnt49/jnt50/jnt58/jnt2/jnt10/jnt18/jnt26/jnt34/jnt42/jnt43/jnt51/jnt59/jnt3/jnt11/jnt19/jnt27/jnt35/jnt36/jnt44/jnt52/jnt60/jnt4/jnt12/jnt20/jnt28/jnt29/jnt37/jnt45/jnt53/jnt61/jnt5/jnt13/jnt21/jnt22/jnt30", "root/jnt0/jnt8/jnt16/jnt24/jnt32/jnt40/jnt48/jnt56/jnt57/jnt1/jnt9/jnt17/jnt25/jnt33/jnt41/jnt49/jnt50/jnt58/jnt2/jnt10/jnt18/jnt26/jnt34/jnt42/jnt43/jnt51/jnt59/jnt3/jnt11/jnt19/jnt27/jnt35/jnt36/jnt44/jnt52/jnt60/jnt4/jnt12/jnt20/jnt28/jnt29/jnt37/jnt45/jnt53/jnt61/jnt5/jnt13/jnt21/jnt22/jnt30/jnt38/jnt46/jnt54/jnt62/jnt6/jnt14/jnt15/jnt23/jnt31", "root/jnt0/jnt8/jnt16/jnt24/jnt32", "root/jnt0/jnt8/jnt16/jnt24/jnt32/jnt40/jnt48/jnt56/jnt57/jnt1/jnt9/jnt17/jnt25/jnt33", "root/jnt0/jnt8/jnt16/jnt24/jnt32/jnt40/jnt48/jnt56/jnt57/jnt1/jnt9/jnt17/jnt25/jnt33/jnt41/jnt49/jnt50/jnt58/jnt2/jnt10/jnt18/jnt26/jnt34", "root/jnt0/jnt8/jnt16/jnt24/jnt32/jnt40/jnt48/jnt56/jnt57/jnt1/jnt9/jnt17/jnt25/jnt33/jnt41/jnt49/jnt50/jnt58/jnt2/jnt10/jnt18/jnt26/jnt34/jnt42/jnt43/jnt51/jnt59/jnt3/jnt11/jnt19/jnt27/jnt35", "root/jnt0/jnt8/jnt16/jnt24/jnt32/jnt40/jnt48/jnt56/jnt57/jnt1/jnt9/jnt17/jnt25/jnt33/jnt41/jnt49/jnt50/jnt58/jnt2/jnt10/jnt18/jnt26/jnt34/jnt42/jnt43/jnt51/jnt59/jnt3/jnt11/jnt19/jnt27/jnt35/jnt36", "root/jnt0/jnt8/jnt16/jnt24/jnt32/jnt40/jnt48/jnt56/jnt57/jnt1/jnt9/jnt17/jnt25/jnt33/jnt41/jnt49/jnt50/jnt58/jnt2/jnt10/jnt18/jnt26/jnt34/jnt42/jnt43/jnt51/jnt59/jnt3/jnt11/jnt19/jnt27/jnt35/jnt36/jnt44/jnt52/jnt60/jnt4/jnt12/jnt20/jnt28/jnt29/jnt37", "root/jnt0/jnt8/jnt16/jnt24/jnt32/jnt40/jnt48/jnt56/jnt57/jnt1/jnt9/jnt17/jnt25/jnt33/jnt41/jnt49/jnt50/jnt58/jnt2/jnt10/jnt18/jnt26/jnt34/jnt42/jnt43/jnt51/jnt59/jnt3/jnt11/jnt19/jnt27/jnt35/jnt36/jnt44/jnt52/jnt60/jnt4/jnt12/jnt20/jnt28/jnt29/jnt37/jnt45/jnt53/jnt61/jnt5/jnt13/jnt21/jnt22/jnt30/jnt38", "root/jnt0/jnt8/jnt16/jnt24/jnt32/jnt40/jnt48/jnt56/jnt57/jnt1/jnt9/jnt17/jnt25/jnt33/jnt41/jnt49/jnt50/jnt58/jnt2/jnt10/jnt18/jnt26/jnt34/jnt42/jnt43/jnt51/jnt59/jnt3/jnt11/jnt19/jnt27/jnt35/jnt36/jnt44/jnt52/jnt60/jnt4/jnt12/jnt20/jnt28/jnt29/jnt37/jnt45/jnt53/jnt61/jnt5/jnt13/jnt21/jnt22/jnt30/jnt38/jnt46/jnt54/jnt62/jnt6/jnt14/jnt15/jnt23/jnt31/jnt39", "root/jnt0/jnt8/jnt16/jnt24/jnt32/jnt40", "root/jnt0/jnt8/jnt16/jnt24/jnt32/jnt40/jnt48/jnt56/jnt57/jnt1/jnt9/jnt17/jnt25/jnt33/jnt41", "root/jnt0/jnt8/jnt16/jnt24/jnt32/jnt40/jnt48/jnt56/jnt57/jnt1/jnt9/jnt17/jnt25/jnt33/jnt41/jnt49/jnt50/jnt58/jnt2/jnt10/jnt18/jnt26/jnt34/jnt42", "root/jnt0/jnt8/jnt16/jnt24/jnt32/jnt40/jnt48/jnt56/jnt57/jnt1/jnt9/jnt17/jnt25/jnt33/jnt41/jnt49/jnt50/jnt58/jnt2/jnt10/jnt18/jnt26/jnt34/jnt42/jnt43", "root/jnt0/jnt8/jnt16/jnt24/jnt32/jnt40/jnt48/jnt56/jnt57/jnt1/jnt9/jnt17/jnt25/jnt33/jnt41/jnt49/jnt50/jnt58/jnt2/jnt10/jnt18/jnt26/jnt34/jnt42/jnt43/jnt51/jnt59/jnt3/jnt11/jnt19/jnt27/jnt35/jnt36/jnt44", "root/jnt0/jnt8/jnt16/jnt24/jnt32/jnt40/jnt48/jnt56/jnt57/jnt1/jnt9/jnt17/jnt25/jnt33/jnt41/jnt49/jnt50/jnt58/jnt2/jnt10/jnt18/jnt26/jnt34/jnt42/jnt43/jnt51/jnt59/jnt3/jnt11/jnt19/jnt27/jnt35/jnt36/jnt44/jnt52/jnt60/jnt4/jnt12/jnt20/jnt28/jnt29/jnt37/jnt45", "root/jnt0/jnt8/jnt16/jnt24/jnt32/jnt40/jnt48/jnt56/jnt57/jnt1/jnt9/jnt17/jnt25/jnt33/jnt41/jnt49/jnt50/jnt58/jnt2/jnt10/jnt18/jnt26/jnt34/jnt42/jnt43/jnt51/jnt59/jnt3/jnt11/jnt19/jnt27/jnt35/jnt36/jnt44/jnt52/jnt60/jnt4/jnt12/jnt20/jnt28/jnt29/jnt37/jnt45/jnt53/jnt61/jnt5/jnt13/jnt21/jnt22/jnt30/jnt38/jnt46", "root/jnt0/jnt8/jnt16/jnt24/jnt32/jnt40/jnt48/jnt56/jnt57/jnt1/jnt9/jnt17/jnt25/jnt33/jnt41/jnt49/jnt50/jnt58/jnt2/jnt10/jnt18/jnt26/jnt34/jnt42/jnt43/jnt51/jnt59/jnt3/jnt11/jnt19/jnt27/jnt35/jnt36/jnt44/jnt52/jnt60/jnt4/jnt12/jnt20/jnt28/jnt29/jnt37/jnt45/jnt53/jnt61/jnt5/jnt13/jnt21/jnt22/jnt30/jnt38/jnt46/jnt54/jnt62/jnt6/jnt14/jnt15/jnt23/jnt31/jnt39/jnt47", "root/jnt0/jnt8/jnt16/jnt24/jnt32/jnt40/jnt48", "root/jnt0/jnt8/jnt16/jnt24/jnt32/jnt40/jnt48/jnt56/jnt57/jnt1/jnt9/jnt17/jnt25/jnt33/jnt41/jnt49", "root/jnt0/jnt8/jnt16/jnt24/jnt32/jnt40/jnt48/jnt56/jnt57/jnt1/jnt9/jnt17/jnt25/jnt33/jnt41/jnt49/jnt50", "root/jnt0/jnt8/jnt16/jnt24/jnt32/jnt40/jnt48/jnt56/jnt57/jnt1/jnt9/jnt17/jnt25/jnt33/jnt41/jnt49/jnt50/jnt58/jnt2/jnt10/jnt18/jnt26/jnt34/jnt42/jnt43/jnt51", "root/jnt0/jnt8/jnt16/jnt24/jnt32/jnt40/jnt48/jnt56/jnt57/jnt1/jnt9/jnt17/jnt25/jnt33/jnt41/jnt49/jnt50/jnt58/jnt2/jnt10/jnt18/jnt26/jnt34/jnt42/jnt43/jnt51/jnt59/jnt3/jnt11/jnt19/jnt27/jnt35/jnt36/jnt44/jnt52", "root/jnt0/jnt8/jnt16/jnt24/jnt32/jnt40/jnt48/jnt56/jnt57/jnt1/jnt9/jnt17/jnt25/jnt33/jnt41/jnt49/jnt50/jnt58/jnt2/jnt10/jnt18/jnt26/jnt34/jnt42/jnt43/jnt51/jnt59/jnt3/jnt11/jnt19/jnt27/jnt35/jnt36/jnt44/jnt52/jnt60/jnt4/jnt12/jnt20/jnt28/jnt29/jnt37/jnt45/jnt53", "root/jnt0/jnt8/jnt16/jnt24/jnt32/jnt40/jnt48/jnt56/jnt57/jnt1/jnt9/jnt17/jnt25/jnt33/jnt41/jnt49/jnt50/jnt58/jnt2/jnt10/jnt18/jnt26/jnt34/jnt42/jnt43/jnt51/jnt59/jnt3/jnt11/jnt19/jnt27/jnt35/jnt36/jnt44/jnt52/jnt60/jnt4/jnt12/jnt20/jnt28/jnt29/jnt37/jnt45/jnt53/jnt61/jnt5/jnt13/jnt21/jnt22/jnt30/jnt38/jnt46/jnt54", "root/jnt0/jnt8/jnt16/jnt24/jnt32/jnt40/jnt48/jnt56/jnt57/jnt1/jnt9/jnt17/jnt25/jnt33/jnt41/jnt49/jnt50/jnt58/jnt2/jnt10/jnt18/jnt26/jnt34/jnt42/jnt43/jnt51/jnt59/jnt3/jnt11/jnt19/jnt27/jnt35/jnt36/jnt44/jnt52/jnt60/jnt4/jnt12/jnt20/jnt28/jnt29/jnt37/jnt45/jnt53/jnt61/jnt5/jnt13/jnt21/jnt22/jnt30/jnt38/jnt46/jnt54/jnt62/jnt6/jnt14/jnt15/jnt23/jnt31/jnt39/jnt47/jnt55", "root/jnt0/jnt8/jnt16/jnt24/jnt32/jnt40/jnt48/jnt56", "root/jnt0/jnt8/jnt16/jnt24/jnt32/jnt40/jnt48/jnt56/jnt57", "root/jnt0/jnt8/jnt16/jnt24/jnt32/jnt40/jnt48/jnt56/jnt57/jnt1/jnt9/jnt17/jnt25/jnt33/jnt41/jnt49/jnt50/jnt58", "root/jnt0/jnt8/jnt16/jnt24/jnt32/jnt40/jnt48/jnt56/jnt57/jnt1/jnt9/jnt17/jnt25/jnt33/jnt41/jnt49/jnt50/jnt58/jnt2/jnt10/jnt18/jnt26/jnt34/jnt42/jnt43/jnt51/jnt59", "root/jnt0/jnt8/jnt16/jnt24/jnt32/jnt40/jnt48/jnt56/jnt57/jnt1/jnt9/jnt17/jnt25/jnt33/jnt41/jnt49/jnt50/jnt58/jnt2/jnt10/jnt18/jnt26/jnt34/jnt42/jnt43/jnt51/jnt59/jnt3/jnt11/jnt19/jnt27/jnt35/jnt36/jnt44/jnt52/jnt60", "root/jnt0/jnt8/jnt16/jnt24/jnt32/jnt40/jnt48/jnt56/jnt57/jnt1/jnt9/jnt17/jnt25/jnt33/jnt41/jnt49/jnt50/jnt58/jnt2/jnt10/jnt18/jnt26/jnt34/jnt42/jnt43/jnt51/jnt59/jnt3/jnt11/jnt19/jnt27/jnt35/jnt36/jnt44/jnt52/jnt60/jnt4/jnt12/jnt20/jnt28/jnt29/jnt37/jnt45/jnt53/jnt61", "root/jnt0/jnt8/jnt16/jnt24/jnt32/jnt40/jnt48/jnt56/jnt57/jnt1/jnt9/jnt17/jnt25/jnt33/jnt41/jnt49/jnt50/jnt58/jnt2/jnt10/jnt18/jnt26/jnt34/jnt42/jnt43/jnt51/jnt59/jnt3/jnt11/jnt19/jnt27/jnt35/jnt36/jnt44/jnt52/jnt60/jnt4/jnt12/jnt20/jnt28/jnt29/jnt37/jnt45/jnt53/jnt61/jnt5/jnt13/jnt21/jnt22/jnt30/jnt38/jnt46/jnt54/jnt62", "root/jnt0/jnt8/jnt16/jnt24/jnt32/jnt40/jnt48/jnt56/jnt57/jnt1/jnt9/jnt17/jnt25/jnt33/jnt41/jnt49/jnt50/jnt58/jnt2/jnt10/jnt18/jnt26/jnt34/jnt42/jnt43/jnt51/jnt59/jnt3/jnt11/jnt19/jnt27/jnt35/jnt36/jnt44/jnt52/jnt60/jnt4/jnt12/jnt20/jnt28/jnt29/jnt37/jnt45/jnt53/jnt61/jnt5/jnt13/jnt21/jnt22/jnt30/jnt38/jnt46/jnt54/jnt62/jnt6/jnt14/jnt15/jnt23/jnt31/jnt39/jnt47/jnt55/jnt63"]
        rel skel:skeleton = </skelroot/skel>
    }

    def Skeleton "skel" (
        prepend apiSchemas = ["SkelBindingAPI"]
    )
    {
        uniform matrix4d[] bindTransforms = [( (1, 0, 0, 0), (0, 1, 0, 0), (0, 0, 1, 0), (0, 0, 0, 1) ), ( (-0.9238795042037964, 0, -0.3826833963394165, 0), (0.13677358627319336, 0.9339488744735718, -0.3302006721496582, 0), (0.35740676522254944, -0.3574066460132599, -0.8628562688827515, 0), (0.3535533547401428, 0, -0.3535533547401428, 1) ), ( (-0.9238795042037964, 0, -0.3826834559440613, 0), (0.34919366240501404, 0.40910571813583374, -0.8430280089378357, 0), (0.15655800700187683, -0.9124869704246521, -0.37796440720558167, 0), (0.45710670948028564, 0.3535533845424652, -0.45710670948028564, 1) ), ( (-0.9238795042037964, 0, -0.3826833963394165, 0), (0.34919360280036926, -0.40910595655441284, -0.8430279493331909, 0), (-0.1565580815076828, -0.9124869108200073, 0.37796464562416077, 0), (0.7071067094802856, 0.4999999701976776, -0.7071067094802856, 1) ), ( (-0.9238795042037964, 0, -0.38268348574638367, 0), (0.13677385449409485, -0.9339486360549927, -0.33020123839378357, 0), (-0.35740670561790466, -0.35740724205970764, 0.8628560304641724, 0), (0.9571065902709961, 0.3535533547401428, -0.9571065902709961, 1) ), ( (-0.9238795638084412, 0, -0.38268330693244934, 0), (-0.13677376508712769, -0.9339486360549927, 0.3302011787891388, 0), (-0.3574065566062927, 0.35740718245506287, 0.8628560900688171, 0), (1.0606601238250732, 0, -1.0606601238250732, 1) ), ( (-0.9238795042037964, 0, -0.38268348574638367, 0), (-0.34919366240501404, -0.4091058671474457, 0.8430279493331909, 0), (-0.1565580666065216, 0.9124869108200073, 0.3779645264148712, 0), (0.9571065902709961, -0.3535533547401428, -0.9571065902709961, 1) ), ( (-0.9238795042037964, 0, -0.3826833963394165, 0), (-0.34919360280036926, 0.4091058075428009, 0.8430279493331909, 0), (0.15655800700187683, 0.9124869108200073, -0.37796449661254883, 0), (0.7071067094802856, -0.4999999403953552, -0.7071067094802856, 1) ), ( (-0.9238795638084412, 0, -0.3826834261417389, 0), (-0.13677367568016052, 0.9339487552642822, 0.33020085096359253, 0), (0.35740670561790466, 0.3574068248271942, -0.8628561496734619, 0), (0.4571067690849304, -0.3535533547401428, -0.4571067690849304, 1) ), ( (0, -0.9238794445991516, -0.38268354535102844, 0), (-0.9339487552642822, -0.13677367568016052, 0.330200731754303, 0), (-0.35740673542022705, 0.357406884431839, -0.8628561496734619, 0), (0, 0, -0.4999999403953552, 1) ), ( (-0.9238795042037964, 0, 0.3826833963394165, 0), (-0.13677361607551575, 0.9339487552642822, -0.330200731754303, 0), (-0.35740673542022705, -0.35740670561790466, -0.8628562092781067, 0), (0, 0, -0.4999999403953552, 1) ), ( (-0.9238795042037964, 0, 0.3826834559440613, 0), (-0.34919366240501404, 0.4091057777404785, -0.8430280089378357, 0), (-0.15655802190303802, -0.9124869704246521, -0.37796443700790405, 0), (0, 0.3535533845424652, -0.6464465260505676, 1) ), ( (-0.9238795042037964, 0, 0.3826833963394165, 0), (-0.3491935729980469, -0.4091058373451233, -0.8430278897285461, 0), (0.15655803680419922, -0.9124868512153625, 0.3779645562171936, 0), (0, 0.4999999701976776, -0.9999998807907104, 1) ), ( (-0.9238795042037964, 0, 0.38268348574638367, 0), (-0.13677366077899933, -0.9339488744735718, -0.33020076155662537, 0), (0.3574067950248718, -0.35740673542022705, 0.8628562092781067, 0), (0, 0.3535533547401428, -1.3535531759262085, 1) ), ( (-0.9238795638084412, 0, 0.38268330693244934, 0), (0.13677360117435455, -0.9339488744735718, 0.33020082116127014, 0), (0.3574066460132599, 0.35740676522254944, 0.8628562688827515, 0), (0, 0, -1.499999761581421, 1) ), ( (-0.9238795042037964, 0, 0.38268348574638367, 0), (0.34919366240501404, -0.4091058373451233, 0.8430279493331909, 0), (0.1565580517053604, 0.9124869108200073, 0.37796449661254883, 0), (0, -0.3535533547401428, -1.3535531759262085, 1) ), ( (-0.9238795042037964, 0, 0.3826833963394165, 0), (0.34919360280036926, 0.4091058075428009, 0.8430279493331909, 0), (-0.15655800700187683, 0.9124869108200073, -0.37796449661254883, 0), (0, -0.4999999403953552, -0.9999998807907104, 1) ), ( (-0.6532815098762512, -0.3826834559440613, -0.6532815098762512, 0), (-0.6560230255126953, -0.14464077353477478, 0.7407516241073608, 0), (-0.37796449661254883, 0.9124869704246521, -0.15655800700187683, 0), (-0.4571067690849304, -0.3535533547401428, -0.4571067690849304, 1) ), ( (-0.3826834261417389, 0, 0.9238795638084412, 0), (0.33020085096359253, 0.9339487552642822, 0.13677367568016052, 0), (-0.8628561496734619, 0.3574068248271942, -0.35740670561790466, 0), (-0.4571067690849304, -0.3535533547401428, -0.4571067690849304, 1) ), ( (-0.3826833963394165, 0, 0.9238795042037964, 0), (-0.3302006721496582, 0.9339488744735718, -0.13677358627319336, 0), (-0.8628562688827515, -0.3574066460132599, -0.35740676522254944, 0), (-0.3535533547401428, 0, -0.3535533547401428, 1) ), ( (-0.3826834559440613, 0, 0.9238795042037964, 0), (-0.8430280089378357, 0.40910571813583374, -0.34919366240501404, 0), (-0.37796440720558167, -0.9124869704246521, -0.15655800700187683, 0), (-0.45710670948028564, 0.3535533845424652, -0.45710670948028564, 1) ), ( (-0.3826833963394165, 0, 0.9238795042037964, 0), (-0.8430279493331909, -0.40910595655441284, -0.34919360280036926, 0), (0.37796464562416077, -0.9124869108200073, 0.1565580815076828, 0), (-0.7071067094802856, 0.4999999701976776, -0.7071067094802856, 1) ), ( (-0.38268348574638367, 0, 0.9238795042037964, 0), (-0.33020123839378357, -0.9339486360549927, -0.13677385449409485, 0), (0.8628560304641724, -0.35740724205970764, 0.35740670561790466, 0), (-0.9571065902709961, 0.3535533547401428, -0.9571065902709961, 1) ), ( (-0.38268330693244934, 0, 0.9238795638084412, 0), (0.3302011787891388, -0.9339486360549927, 0.13677376508712769, 0), (0.8628560900688171, 0.35740718245506287, 0.3574065566062927, 0), (-1.0606601238250732, 0, -1.0606601238250732, 1) ), ( (-0.38268348574638367, 0, 0.9238795042037964, 0), (0.8430279493331909, -0.4091058671474457, 0.34919366240501404, 0), (0.3779645264148712, 0.9124869108200073, 0.1565580666065216, 0), (-0.9571065902709961, -0.3535533547401428, -0.9571065902709961, 1) ), ( (-0.9238795042037964, 0.3826834559440613, 0, 0), (0.05991216003894806, 0.1446407288312912, 0.9876686334609985, 0), (0.37796449661254883, 0.9124868512153625, -0.15655800700187683, 0), (-0.9999998807907104, -0.4999999403953552, 0, 1) ), ( (0.3826833963394165, 0, 0.9238795042037964, 0), (0.8430279493331909, 0.4091058075428009, -0.34919360280036926, 0), (-0.37796449661254883, 0.9124869108200073, 0.15655800700187683, 0), (-0.9999998807907104, -0.4999999403953552, 0, 1) ), ( (0.3826834261417389, 0, 0.9238795638084412, 0), (0.33020085096359253, 0.9339487552642822, -0.13677367568016052, 0), (-0.8628561496734619, 0.3574068248271942, 0.35740670561790466, 0), (-0.6464465856552124, -0.3535533547401428, 0, 1) ), ( (0.3826833963394165, 0, 0.9238795042037964, 0), (-0.330200731754303, 0.9339487552642822, 0.13677361607551575, 0), (-0.8628562092781067, -0.35740670561790466, 0.35740673542022705, 0), (-0.4999999403953552, 0, 0, 1) ), ( (0.3826834559440613, 0, 0.9238795042037964, 0), (-0.8430280089378357, 0.4091057777404785, 0.34919366240501404, 0), (-0.37796443700790405, -0.9124869704246521, 0.15655802190303802, 0), (-0.6464465260505676, 0.3535533845424652, 0, 1) ), ( (0.3826833963394165, 0, 0.9238795042037964, 0), (-0.8430278897285461, -0.4091058373451233, 0.3491935729980469, 0), (0.3779645562171936, -0.9124868512153625, -0.15655803680419922, 0), (-0.9999998807907104, 0.4999999701976776, 0, 1) ), ( (0.38268348574638367, 0, 0.9238795042037964, 0), (-0.33020076155662537, -0.9339488744735718, 0.13677366077899933, 0), (0.8628562092781067, -0.35740673542022705, -0.3574067950248718, 0), (-1.3535531759262085, 0.3535533547401428, 0, 1) ), ( (0.38268330693244934, 0, 0.9238795638084412, 0), (0.33020082116127014, -0.9339488744735718, -0.13677360117435455, 0), (0.8628562688827515, 0.35740676522254944, -0.3574066460132599, 0), (-1.499999761581421, 0, 0, 1) ), ( (-0.2705983817577362, 0.9238793253898621, 0.2705983817577362, 0), (0.8938886523246765, 0.13677376508712769, 0.4269145131111145, 0), (0.35740673542022705, 0.35740718245506287, -0.8628560304641724, 0), (-0.9571065902709961, -0.3535533547401428, 0.9571065902709961, 1) ), ( (0.9238795042037964, 0, 0.38268348574638367, 0), (0.34919366240501404, -0.4091058671474457, -0.8430279493331909, 0), (0.1565580666065216, 0.9124869108200073, -0.3779645264148712, 0), (-0.9571065902709961, -0.3535533547401428, 0.9571065902709961, 1) ), ( (0.9238795042037964, 0, 0.38268348574638367, 0), (0.3491936922073364, 0.4091058075428009, -0.8430280089378357, 0), (-0.15655803680419922, 0.9124869704246521, 0.37796446681022644, 0), (-0.7071067094802856, -0.4999999403953552, 0.7071067094802856, 1) ), ( (0.9238795638084412, 0, 0.3826834261417389, 0), (0.13677367568016052, 0.9339487552642822, -0.33020085096359253, 0), (-0.35740670561790466, 0.3574068248271942, 0.8628561496734619, 0), (-0.4571067690849304, -0.3535533547401428, 0.4571067690849304, 1) ), ( (0.9238795042037964, 0, 0.38268348574638367, 0), (-0.13677361607551575, 0.9339488744735718, 0.3302006721496582, 0), (-0.3574068248271942, -0.3574066460132599, 0.8628562092781067, 0), (-0.3535533547401428, 0, 0.3535533547401428, 1) ), ( (0.9238795042037964, 0, 0.3826834559440613, 0), (-0.34919366240501404, 0.40910571813583374, 0.8430280089378357, 0), (-0.15655800700187683, -0.9124869704246521, 0.37796440720558167, 0), (-0.45710670948028564, 0.3535533845424652, 0.45710670948028564, 1) ), ( (0.9238795042037964, 0, 0.38268348574638367, 0), (-0.34919366240501404, -0.40910592675209045, 0.8430278897285461, 0), (0.1565580815076828, -0.9124868512153625, -0.377964586019516, 0), (-0.7071067094802856, 0.4999999701976776, 0.7071067094802856, 1) ), ( (0.9238795042037964, 0, 0.38268348574638367, 0), (-0.13677385449409485, -0.9339486360549927, 0.33020123839378357, 0), (0.35740670561790466, -0.35740724205970764, -0.8628560304641724, 0), (-0.9571065902709961, 0.3535533547401428, 0.9571065902709961, 1) ), ( (0, 0.9238794445991516, -0.3826836943626404, 0), (0.933948814868927, -0.13677369058132172, -0.3302006423473358, 0), (-0.3574066460132599, -0.35740697383880615, -0.8628560900688171, 0), (0, 0, 1.4999998807907104, 1) ), ( (0.9238795638084412, 0, -0.3826833963394165, 0), (-0.1367737203836441, -0.9339487552642822, -0.33020099997520447, 0), (-0.3574066758155823, 0.35740697383880615, -0.8628561496734619, 0), (0, 0, 1.4999998807907104, 1) ), ( (0.9238796234130859, 0, -0.3826833665370941, 0), (-0.3491935729980469, -0.40910589694976807, -0.8430280685424805, 0), (-0.15655800700187683, 0.9124869108200073, -0.3779645562171936, 0), (0, -0.3535533547401428, 1.3535531759262085, 1) ), ( (0.9238795042037964, 0, -0.3826833665370941, 0), (-0.3491935729980469, 0.40910574793815613, -0.8430280089378357, 0), (0.15655797719955444, 0.9124869704246521, 0.37796443700790405, 0), (0, -0.4999999403953552, 0.9999999403953552, 1) ), ( (0.9238795638084412, 0, -0.38268333673477173, 0), (-0.13677363097667694, 0.933948814868927, -0.33020085096359253, 0), (0.3574066460132599, 0.3574068248271942, 0.8628562092781067, 0), (0, -0.3535533547401428, 0.6464465856552124, 1) ), ( (0.9238795042037964, 0, -0.3826833665370941, 0), (0.13677357137203217, 0.9339488744735718, 0.3302006721496582, 0), (0.35740673542022705, -0.3574066460132599, 0.8628562688827515, 0), (0, 0, 0.4999999701976776, 1) ), ( (0.9238796234130859, 0, -0.38268333673477173, 0), (0.3491935729980469, 0.40910568833351135, 0.8430281281471252, 0), (0.15655793249607086, -0.9124869704246521, 0.3779643774032593, 0), (0, 0.3535533845424652, 0.6464465260505676, 1) ), ( (0.9238795042037964, 0, -0.3826833665370941, 0), (0.3491935729980469, -0.40910595655441284, 0.8430279493331909, 0), (-0.1565580517053604, -0.9124869108200073, -0.37796464562416077, 0), (0, 0.4999999701976776, 0.9999999403953552, 1) ), ( (-0.6532814502716064, 0.38268351554870605, -0.6532814502716064, 0), (0.6560230255126953, -0.14464077353477478, -0.7407516241073608, 0), (-0.377964586019516, -0.9124869704246521, -0.1565580666065216, 0), (0.9571067094802856, 0.3535533547401428, 0.9571067094802856, 1) ), ( (0.3826834261417389, 0, -0.9238795042037964, 0), (0.3302008807659149, -0.9339487552642822, 0.13677367568016052, 0), (-0.8628561496734619, -0.3574068546295166, -0.35740673542022705, 0), (0.9571067094802856, 0.3535533547401428, 0.9571067094802856, 1) ), ( (0.3826834559440613, 0, -0.9238795042037964, 0), (-0.3302008807659149, -0.9339487552642822, -0.13677369058132172, 0), (-0.8628561496734619, 0.3574068546295166, -0.35740676522254944, 0), (1.0606601238250732, 0, 1.0606601238250732, 1) ), ( (0.3826834261417389, 0, -0.9238795042037964, 0), (-0.8430280089378357, -0.4091057777404785, -0.34919363260269165, 0), (-0.37796446681022644, 0.9124869704246521, -0.15655802190303802, 0), (0.9571067094802856, -0.3535533547401428, 0.9571067094802856, 1) ), ( (0.3826834559440613, 0, -0.9238795042037964, 0), (-0.8430280089378357, 0.4091057777404785, -0.34919366240501404, 0), (0.37796443700790405, 0.9124869704246521, 0.15655802190303802, 0), (0.7071067690849304, -0.4999999403953552, 0.7071067690849304, 1) ), ( (0.3826834261417389, 0, -0.9238795042037964, 0), (-0.3302008807659149, 0.9339487552642822, -0.13677367568016052, 0), (0.8628561496734619, 0.3574068546295166, 0.35740673542022705, 0), (0.4571067988872528, -0.3535533547401428, 0.4571067988872528, 1) ), ( (0.3826834559440613, 0, -0.9238795042037964, 0), (0.33020076155662537, 0.933948814868927, 0.13677364587783813, 0), (0.8628562092781067, -0.35740673542022705, 0.35740676522254944, 0), (0.3535533845424652, 0, 0.3535533845424652, 1) ), ( (0.3826834261417389, 0, -0.9238795638084412, 0), (0.8430280685424805, 0.4091057777404785, 0.34919363260269165, 0), (0.37796443700790405, -0.9124869704246521, 0.15655797719955444, 0), (0.4571067690849304, 0.3535533845424652, 0.4571067690849304, 1) ), ( (-0.9238796234130859, -0.3826833665370941, 0, 0), (-0.05991215258836746, 0.14464077353477478, -0.9876688718795776, 0), (0.3779643774032593, -0.9124870300292969, -0.15655802190303802, 0), (1, 0.4999999701976776, 0, 1) ), ( (-0.38268354535102844, 0, -0.9238794445991516, 0), (0.8430278301239014, -0.4091058671474457, -0.3491936922073364, 0), (-0.3779645264148712, -0.9124868512153625, 0.156558096408844, 0), (1, 0.4999999701976776, 0, 1) ), ( (-0.3826836049556732, 0, -0.9238795042037964, 0), (0.3302009701728821, -0.933948814868927, -0.13677379488945007, 0), (-0.8628560900688171, -0.35740697383880615, 0.3574068546295166, 0), (1.353553295135498, 0.3535533547401428, 0, 1) ), ( (-0.3826834559440613, 0, -0.9238795042037964, 0), (-0.3302009701728821, -0.9339486956596375, 0.1367737352848053, 0), (-0.8628560900688171, 0.35740697383880615, 0.35740673542022705, 0), (1.5, 0, 0, 1) ), ( (-0.3826836049556732, 0, -0.9238795042037964, 0), (-0.8430279493331909, -0.40910589694976807, 0.3491937816143036, 0), (-0.37796449661254883, 0.9124869108200073, 0.1565581113100052, 0), (1.353553295135498, -0.3535533547401428, 0, 1) ), ( (-0.38268354535102844, 0, -0.9238794445991516, 0), (-0.8430279493331909, 0.4091058075428009, 0.3491937518119812, 0), (0.37796446681022644, 0.9124869704246521, -0.1565580666065216, 0), (1, -0.4999999403953552, 0, 1) ), ( (-0.38268351554870605, 0, -0.9238795042037964, 0), (-0.3302008807659149, 0.933948814868927, 0.1367737054824829, 0), (0.8628561496734619, 0.3574068546295166, -0.3574068248271942, 0), (0.6464466452598572, -0.3535533547401428, 0, 1) ), ( (-0.38268354535102844, 0, -0.9238794445991516, 0), (0.3302007019519806, 0.9339487552642822, -0.13677366077899933, 0), (0.8628561496734619, -0.35740670561790466, -0.3574068546295166, 0), (0.5, 0, 0, 1) )]
